CODE V> FIO SO..I
Double Gauss F/2 -	Available Glasses
Position	1, Wavelength =	587.6	NM

HMY	UMY	N * IMY	HCY	UCY	N * ICY
EP	9.999997	0.000000	0.000000	0.249328
1	9.999997	-0.084933	0.221417	-17.570703	0.302922	-0.139718
2	9.256833	-0.093332	-0.021896	-14.920134	0.419777	0.304637
3	8.615639	-0.150363	0.150929	-12.036254	0.390100	0.078539
4	6.736097	-0.150766	-0.262152	-7.160009	0.391097	0.648787
5	6.163185	-0.044293	0.282924	-5.673841	0.445320	0.144084
STO	5.598846	-0.044293	-0.044293	0.000000	0.445320	0.445320
7	5.222161	0.052282	-0.256623	3.787176	0.335681	0.291336
8	5.420834	0.050908	0.210240	5.062764	0.331389	0.656297
9	5.980817	-0.019358	-0.183523	8.708047	0.388694	0.149670
10	5.669909	-0.021145	0.004667	14.950743	0.215618	0.452046
11	5.395020	-0.100000	-0.205956	17.753779	0.133067	-0.215610
IMG	0.000282	-0.100000	24.932417	0.133067
CODE V> buf n
