CODE V>	THO
Double Gauss F/2 -	Available Glasses
Position	1, Wavelength =	587.6	NM
SA	TCO	TAS	SAS	PTB	DST	AX	LAT	PTZ
1	-0.128334	0.242942	-0.417291	-0.315091	-0.263991	0.198827	-0.159493	0.100642	-0.008493
2	-0.000909	0.037954	-0.436036	-0.084006	0.092009	1.168768	-0.014600	0.203130	0.002960
3	-0.000210	-0.000327	-0.333151	-0.333038	-0.332981	-0.173303	-0.086771	-0.045153	-0.010713
4	-0.001117	0.008291	-0.020609	-0.006930	-0.000090	0.017150	0.056982	-0.141023	-0.000003
5	0.122681	0.187432	0.716484	0.652849	0.621031	0.332474	0.172624	0.087912	0.019980
STO	0.000000	0.000000	0.000000	0.000000	0.000000	0.000000	0.000000	0.000000	0.000000
7	0.132232	-0.450357	0.986878	0.646028	0.475602	-0.733415	0.132670	-0.150616	0.015301
8	-0.001426	-0.013355	-0.044647	-0.016853	-0.002956	-0.052609	0.040462	0.126307	-0.000095
9	-0.051140	0.125120	-0.428692	-0.360665	-0.326652	0.294136	-0.069694	0.056838	-0.010509
10	0.000004	0.001132	0.059217	-0.013879	-0.050427	-1.344199	-0.001680	-0.162742	-0.001622
0.022742	0.179899	0.474369	0.158123	0.416948	ASPHERIC CONTRIBUTIONS
11	-0.099491	-0.312464	-0.560830	-0.342757	-0.233721	-0.358823	-0.070552	-0.073859	-0.007519

SUM	-0.004968	0.006267	-0.004307	-0.016219	-0.022175	-0.234046	-0.000053	0.001436	-0.000713
CODE V>	buf n
