CODE V>	THO
Cooke Triplet f/5.0 - Available Glasses
Position	1, Wavelength =	546.1	NM
SA	TCO	TAS	SAS	PTB	DST	AX	LAT	PTZ
1	-0.153706	-0.254309	-0.516803	-0.423301	-0.376550	-0.233453	-0.093906	-0.051790	-0.022739
0.000922	-0.001874	0.001269	0.000423	-0.000286	ASPHERIC CONTRIBUTIONS
2	-0.056504	0.520438	-1.572118	-0.506887	0.025728	1.556245	-0.045237	0.138888	0.001554
STO	0.191941	-1.001343	1.918279	0.757403	0.176965	-1.317108	0.109717	-0.190795	0.010687
4	0.104531	0.606189	1.572334	0.791144	0.400548	1.529310	0.104133	0.201293	0.024189
5	-0.011296	-0.163971	-0.922893	-0.393958	-0.129491	-1.906238	-0.029072	-0.140671	-0.007820
6	-0.107539	0.268836	-0.454118	-0.304771	-0.230097	0.253965	-0.059391	0.049490	-0.013895

SUM	-0.031650	-0.026035	0.025950	-0.079947	-0.132896	-0.117564	-0.013757	0.006415	-0.008025
CODE V>	buf n
